0.014663934707641602
0.01483774185180664
0.013908863067626953
0.010811090469360352
0.014208078384399414
0.013745307922363281
0.012952089309692383
0.012107372283935547
0.012384414672851562
0.012741565704345703
0.013726234436035156
0.013185262680053711
0.013039112091064453
0.014977693557739258
0.01725149154663086
0.017038345336914062
0.0167391300201416
0.01746201515197754
0.01671314239501953
0.016722440719604492
0.016960859298706055
0.017476320266723633
0.017160654067993164
0.017351150512695312
0.01714158058166504
0.011490821838378906
0.01605391502380371
0.013188600540161133
0.015877723693847656
0.01256704330444336
0.016641616821289062
0.016956090927124023
0.017644882202148438
0.012423276901245117
0.016863107681274414
0.016077518463134766
0.01726698875427246
0.016910552978515625
0.01726698875427246
0.017531871795654297
0.017416715621948242
0.017672061920166016
0.01801753044128418
0.017203569412231445
0.018234729766845703
0.01833510398864746
0.013837814331054688
0.01741337776184082
0.01774907112121582
0.018361330032348633
0.018365859985351562
0.016047000885009766
0.01827383041381836
0.018356800079345703
0.018639802932739258
0.01817917823791504
0.018289804458618164
0.018028974533081055
0.018791675567626953
0.01790928840637207
0.018335580825805664
0.018748998641967773
0.018592357635498047
0.017168045043945312
0.017970800399780273
0.018695592880249023
0.019115209579467773
0.01835155487060547
0.01775646209716797
0.01732945442199707
0.01660013198852539
0.01817798614501953
0.018843412399291992
0.018337011337280273
0.019124746322631836
0.018540620803833008
0.017124652862548828
0.018423080444335938
0.018796920776367188
0.018999814987182617
0.0182037353515625
0.019501686096191406
0.019726276397705078
0.0194549560546875
0.020072460174560547
0.0196990966796875
0.019751310348510742
0.020229578018188477
0.01984119415283203
0.020004987716674805
0.016133546829223633
0.020302772521972656
0.02047419548034668
0.021027565002441406
0.01957535743713379
0.019925355911254883
0.020009756088256836
0.020984888076782227
0.021095752716064453
0.021288633346557617
0.01985788345336914
0.020735740661621094
0.020737171173095703
0.020494937896728516
0.023677349090576172
0.02070307731628418
0.0215299129486084
0.020848512649536133
0.020989418029785156
0.020955324172973633
0.02120518684387207
0.021474599838256836
0.02168107032775879
0.021559953689575195
0.021628379821777344
0.02195286750793457
0.02180004119873047
0.021786212921142578
0.021843671798706055
0.021802425384521484
0.021806001663208008
0.022558212280273438
0.022149085998535156
0.02139878273010254
0.02302408218383789
0.021996498107910156
0.021260499954223633
0.022257089614868164
0.0208585262298584
0.022710561752319336
0.021244287490844727
0.022011518478393555
0.021912574768066406
0.02361464500427246
0.021774768829345703
0.0229644775390625
0.021264076232910156
0.02135634422302246
0.022845983505249023
0.023374557495117188
0.02301168441772461
0.02321457862854004
0.021564006805419922
0.021530866622924805
0.02264857292175293
0.021521806716918945
0.02382946014404297
0.022530794143676758
0.021718978881835938
0.021393775939941406
0.021044254302978516
0.022891521453857422
0.02279376983642578
0.02325153350830078
0.020496845245361328
0.022870302200317383
0.02263784408569336
0.023481130599975586
0.02304387092590332
0.02333807945251465
0.023446321487426758
0.023093700408935547
0.022394418716430664
0.021770000457763672
0.02358269691467285
0.02290058135986328
0.022545337677001953
0.023598670959472656
0.02361893653869629
0.02372288703918457
0.023558378219604492
0.024875879287719727
0.021770000457763672
0.024066686630249023
0.023989439010620117
0.0243833065032959
0.0237579345703125
0.025961637496948242
0.021865129470825195
0.025969982147216797
0.026368379592895508
0.026265859603881836
0.02700495719909668
0.023992300033569336
0.02670764923095703
0.026456594467163086
0.02649211883544922
0.026473045349121094
0.026987552642822266
0.02247142791748047
0.02673792839050293
0.027309417724609375
0.02602362632751465
0.027071714401245117
0.02594161033630371
0.02731919288635254
0.027856111526489258
0.024497509002685547
0.02711963653564453
0.02663135528564453
0.027546405792236328
0.027369976043701172
0.02570056915283203
0.0274050235748291
0.02767491340637207
0.02829122543334961
0.027661561965942383
0.027973651885986328
0.02753591537475586
0.02803945541381836
0.027876853942871094
0.028493881225585938
0.028184175491333008
0.028537988662719727
0.02733135223388672
0.028855323791503906
0.029031038284301758
0.028710365295410156
0.0276181697845459
0.027125120162963867
0.02789783477783203
0.027959823608398438
0.028194189071655273
0.027070283889770508
0.028319835662841797
0.026775598526000977
0.02361321449279785
0.023916006088256836
0.029062271118164062
0.02933788299560547
0.029166460037231445
0.029355287551879883
0.029134511947631836
0.02924036979675293
0.030803442001342773
0.02810978889465332
0.02961277961730957
