3.1238560676574707
2.08652663230896
2.1671245098114014
2.1350622177124023
2.0255327224731445
2.228038787841797
2.1804637908935547
2.2002944946289062
2.13527512550354
1.9997999668121338
2.090177059173584
1.827775478363037
1.7945737838745117
1.7932991981506348
1.8180058002471924
1.9181303977966309
1.7357211112976074
1.7694940567016602
1.7452213764190674
1.7863566875457764
1.743520975112915
2.1144845485687256
1.811375379562378
1.9677033424377441
1.7929747104644775
1.7914822101593018
2.1129558086395264
2.134129762649536
2.1255435943603516
2.1135940551757812
2.1331324577331543
2.0690431594848633
2.1180646419525146
2.2833304405212402
2.18597412109375
2.1353275775909424
2.126352071762085
2.1789920330047607
2.138713836669922
2.1058270931243896
2.622631549835205
2.602095365524292
1.9810717105865479
1.9716033935546875
1.8626618385314941
1.7811908721923828
1.8132503032684326
2.1113293170928955
1.8425507545471191
2.1386971473693848
1.8293371200561523
1.844508171081543
2.125709295272827
2.046145439147949
2.12257719039917
2.144310474395752
2.127436637878418
2.140967607498169
2.080394983291626
1.730257511138916
1.8781683444976807
1.7616329193115234
1.8051998615264893
1.8932385444641113
1.8466081619262695
1.7945284843444824
1.809971809387207
1.8180756568908691
1.7763171195983887
1.8262972831726074
1.7578272819519043
1.8426709175109863
2.150479316711426
1.7827677726745605
2.038370370864868
2.1922104358673096
2.1229422092437744
2.1383607387542725
2.061938524246216
2.1265549659729004
2.1240153312683105
2.1720261573791504
2.2329916954040527
2.326108694076538
3.135760545730591
3.164078950881958
4.144935846328735
2.810391664505005
8.845964431762695
3.472407817840576
3.560811758041382
4.377518653869629
2.3978419303894043
2.5413577556610107
2.526231050491333
3.196383476257324
2.544403553009033
2.936469554901123
3.4574129581451416
2.7254347801208496
2.6040918827056885
2.8773562908172607
