1.8948042392730713
2.6316168308258057
2.6695327758789062
3.035465717315674
3.3310892581939697
3.1724674701690674
3.3071208000183105
3.9282803535461426
3.4193506240844727
6.871807098388672
7.900736570358276
7.8851401805877686
7.5601418018341064
8.544760942459106
8.501702785491943
10.393828630447388
10.73181438446045
9.03605031967163
0.044315338134765625
0.03550863265991211
0.03720450401306152
0.03796243667602539
13.10835313796997
13.863039255142212
0.036377906799316406
0.037030696868896484
0.03648066520690918
14.333021640777588
11.477509498596191
0.036196231842041016
11.780321836471558
11.977893590927124
11.645612716674805
0.03659343719482422
0.03501009941101074
0.036766767501831055
0.03754258155822754
0.03725314140319824
2.1978845596313477
2.1986546516418457
2.1223325729370117
2.0896642208099365
2.1234524250030518
2.0971415042877197
2.049532890319824
2.0825135707855225
2.1236438751220703
2.0156362056732178
2.0501747131347656
2.078706741333008
2.09287166595459
2.026232957839966
2.117495536804199
2.084584951400757
2.1107370853424072
2.0802834033966064
2.1263365745544434
2.0511395931243896
2.125143051147461
2.0938222408294678
2.1433005332946777
2.118699789047241
2.1591312885284424
2.035592794418335
2.144630193710327
2.0857536792755127
2.0364179611206055
2.1376097202301025
2.0961899757385254
2.05193829536438
2.1041736602783203
2.060373067855835
2.7760050296783447
3.277129888534546
2.994131565093994
3.0132384300231934
3.055773973464966
2.919712543487549
3.0670382976531982
3.217336893081665
3.0832860469818115
3.0060160160064697
3.132171869277954
2.979281187057495
3.1891837120056152
3.1087329387664795
3.035949230194092
3.0252180099487305
3.1544106006622314
3.1302802562713623
3.1462535858154297
3.237511396408081
3.10357666015625
2.96706223487854
3.310594320297241
4.211341142654419
4.2158143520355225
4.7157957553863525
0.04035592079162598
5.46247410774231
0.040415287017822266
2.4746205806732178
2.4073145389556885
2.2526161670684814
0.04077434539794922
0.040819406509399414
0.039956092834472656
0.040648460388183594
0.041362762451171875
0.04113602638244629
0.04072713851928711
0.04128098487854004
0.042047977447509766
0.040882110595703125
0.04070782661437988
0.041181325912475586
0.04111957550048828
0.04128432273864746
0.041326284408569336
0.04164838790893555
0.04140210151672363
0.04150557518005371
0.04118061065673828
0.04192686080932617
0.04153847694396973
0.04168343544006348
0.04238080978393555
0.042473554611206055
0.04190874099731445
0.04260706901550293
0.04227614402770996
0.04236197471618652
0.0435638427734375
0.042598724365234375
0.04231858253479004
3.313969612121582
3.107079029083252
3.4093353748321533
0.042197465896606445
0.042764902114868164
0.03844857215881348
0.04192519187927246
0.043335676193237305
